988
264 371
36 278
252 605
822 24
268 694
543 467
484 326
900 762
117 891
16 14
77 459
961 828
853 876
109 743
899 265
235 35
2 3
119 640
858 529
77 287
236 9
610 636
33 208
886 371
429 923
43 73
56 275
224 4
424 510
332 888
752 162
614 840
813 343
34 38
411 29
460 980
628 796
380 266
897 199
243 366
548 483
303 71
982 473
633 451
22 47
598 210
111 861
542 86
315 148
670 590
408 909
493 763
793 719
7 741
177 221
560 263
128 95
890 855
233 184
362 354
234 84
252 8
143 15
812 857
139 391
721 656
619 142
195 226
361 286
698 327
479 421
220 8
746 717
692 114
202 212
100 129
121 716
830 277
735 24
280 375
1 15
545 703
93 127
639 957
246 626
138 271
36 12
484 983
934 406
225 89
200 398
808 788
576 49
51 820
78 16
198 737
84 455
105 60
780 172
536 188
424 271
477 247
477 952
450 433
349 103
145 427
30 331
178 12
151 714
338 239
76 251
130 1
705 139
628 563
661 41
946 395
901 203
307 466
315 585
659 653
177 485
136 623
803 359
207 711
420 811
350 76
203 283
929 249
45 117
48 249
265 712
456 867
233 612
181 141
72 69
392 159
529 754
48 448
769 187
1 7
245 38
286 498
42 156
782 1
388 653
68 59
973 328
511 54
296 429
399 841
405 567
67 183
106 38
261 194
276 71
321 260
358 760
267 887
298 307
61 545
360 41
148 29
730 765
163 956
582 171
988 895
174 218
62 539
831 543
325 98
304 441
107 954
335 700
74 87
26 93
445 870
55 121
686 536
236 911
25 497
274 445
856 55
742 151
968 431
110 51
649 203
697 245
604 892
152 341
207 223
86 21
35 777
82 4
24 102
25 15
548 942
795 514
789 372
592 210
161 64
790 262
50 65
124 51
436 396
832 617
139 98
395 291
779 45
145 646
470 547
12 1
370 797
723 302
232 771
291 654
75 43
884 64
54 46
207 410
272 299
98 111
710 488
119 367
382 550
974 935
14 76
620 118
227 72
930 292
448 451
112 682
815 948
21 79
28 99
788 552
297 281
910 193
212 561
18 284
635 262
29 348
510 925
719 350
244 145
60 36
2 29
290 150
18 74
30 49
146 30
258 921
547 806
107 51
182 405
84 6
12 381
179 23
17 100
475 247
812 138
80 49
324 240
168 889
435 515
668 212
518 673
28 19
329 544
401 666
486 259
42 33
474 411
97 135
176 6
424 986
679 918
745 532
290 695
175 720
645 617
816 20
181 216
41 541
402 326
169 142
662 651
318 306
966 906
182 702
375 757
60 149
122 41
57 17
538 781
778 489
97 762
199 291
172 247
85 416
784 704
58 46
944 419
200 53
61 126
726 321
607 305
829 432
945 959
304 467
55 142
755 941
22 8
253 369
337 509
256 866
467 928
842 628
167 126
565 380
70 34
326 8
848 239
292 433
517 519
100 158
148 838
118 173
389 226
17 40
275 903
378 117
333 611
493 351
494 469
249 384
266 162
148 430
163 776
761 229
340 844
120 30
67 27
34 556
205 36
872 683
22 98
573 20
120 213
312 253
688 465
323 385
256 557
108 92
835 251
154 442
414 460
629 276
551 751
41 637
220 740
912 505
411 729
238 96
162 242
862 287
542 801
689 32
9 137
46 21
158 524
379 99
23 10
462 125
770 409
389 622
93 344
289 327
78 715
452 54
256 972
66 352
362 766
591 525
60 90
896 497
366 520
518 411
554 240
217 555
524 570
75 756
106 505
496 327
655 593
208 885
850 399
28 81
330 727
178 642
768 122
750 583
421 755
556 587
301 145
421 453
163 313
196 192
504 384
293 208
554 588
328 257
854 261
237 106
744 949
125 27
167 586
343 875
413 150
61 336
281 224
823 47
650 219
123 581
163 93
734 732
320 960
580 821
303 316
500 154
239 476
130 188
621 610
342 211
44 159
259 564
469 286
591 647
350 562
933 94
39 77
81 687
376 316
11 140
444 88
560 950
98 390
874 969
613 332
348 527
660 300
71 174
65 119
15 403
13 10
155 96
397 165
228 16
60 282
445 664
398 724
538 21
454 775
221 675
456 46
410 419
578 529
177 203
741 871
49 418
302 111
269 530
624 883
83 549
674 805
642 799
209 205
363 514
77 134
814 282
744 447
93 177
4 5
138 38
590 453
31 239
971 118
153 718
396 59
344 532
119 229
869 342
427 733
28 320
630 335
663 577
908 327
170 394
538 852
187 99
183 217
470 35
559 24
69 109
192 985
133 112
457 380
39 123
533 764
170 440
681 749
432 28
643 211
504 713
68 938
310 251
305 62
235 288
206 142
43 14
221 306
14 222
28 41
291 308
89 51
300 314
95 258
29 523
258 347
85 279
913 338
7 464
962 735
63 47
767 126
977 849
391 937
207 138
90 295
433 747
457 976
839 807
563 35
24 335
295 526
561 656
417 231
553 189
66 56
843 320
339 492
8 104
533 248
272 117
59 27
111 175
149 346
192 658
260 728
45 262
238 357
44 17
356 315
216 454
583 289
57 274
255 285
298 81
21 431
657 468
420 624
965 125
426 230
569 460
66 502
401 205
324 963
465 296
180 472
292 48
654 753
253 408
45 37
704 550
874 390
873 604
32 83
219 294
939 679
672 596
651 262
279 679
270 851
608 166
184 116
225 696
677 434
13 31
40 64
134 198
346 571
56 240
136 124
7 9
399 66
864 261
22 759
383 945
9 71
382 25
461 273
112 114
96 48
475 512
3 250
85 463
9 150
133 618
907 65
18 182
494 947
693 625
232 836
366 447
266 406
35 131
3 20
677 987
4 1
425 39
838 914
90 471
414 263
471 906
182 309
30 26
817 250
786 517
223 931
116 93
589 241
678 338
179 194
4 33
295 827
534 403
9 11
584 62
182 186
239 815
71 97
604 282
3 14
139 166
185 280
95 774
383 323
526 732
488 685
121 277
517 448
21 400
83 151
905 112
568 159
130 192
309 415
681 313
825 593
157 103
145 25
202 184
95 16
58 849
595 471
529 684
312 364
421 834
709 561
792 16
2 61
168 65
666 785
111 189
86 304
979 438
248 11
19 12
382 491
606 680
192 231
421 340
193 535
35 32
826 227
562 707
423 68
377 60
574 470
374 227
237 263
40 951
222 730
725 603
236 323
904 346
178 609
36 50
597 281
213 438
345 41
674 296
286 67
59 319
4 26
6 10
9 165
353 882
243 172
847 375
189 339
1 6
320 446
477 706
794 74
219 599
984 321
615 51
72 113
740 958
489 367
76 652
225 551
529 160
268 372
420 242
219 148
610 606
771 964
92 632
508 227
171 92
386 894
309 449
78 878
215 24
261 273
789 865
602 8
552 131
4 118
256 158
359 233
56 112
351 483
177 386
139 926
144 1
600 787
209 355
868 395
497 683
531 65
16 17
357 499
407 402
414 981
264 201
940 184
2 1
268 354
713 859
807 92
593 288
616 180
244 596
522 417
370 348
132 41
927 232
504 978
487 148
268 224
78 191
33 62
898 214
21 37
27 6
736 173
83 94
833 789
144 330
26 39
387 107
162 100
552 818
334 224
837 476
845 445
337 173
277 773
353 7
13 625
115 26
117 412
351 3
316 506
428 503
224 259
30 69
936 628
540 94
197 428
70 458
521 99
818 920
120 257
152 131
45 255
103 95
51 676
434 2
246 639
128 154
56 30
648 515
92 68
205 230
32 19
53 253
333 299
327 363
557 739
863 420
306 393
340 96
8 172
617 563
585 708
265 343
265 147
153 150
623 881
970 70
893 271
185 13
722 326
819 176
53 26
691 153
305 594
170 31
337 468
313 488
435 400
165 748
138 190
894 955
300 798
917 236
638 572
147 443
528 335
48 439
343 495
783 505
967 683
39 51
16 480
879 223
539 614
600 425
34 55
409 717
21 241
268 577
404 333
34 791
118 895
9 91
31 368
337 358
147 204
239 473
525 53
804 581
378 437
513 68
269 173
289 158
38 48
481 110
690 486
195 23
601 394
935 420
70 388
492 579
478 448
898 915
975 950
738 484
79 101
34 12
846 92
50 860
409 224
21 14
740 919
141 147
24 2
953 928
627 69
572 260
501 17
200 558
362 932
18 3
422 52
149 809
669 356
37 373
943 259
34 701
255 317
110 232
772 69
